j_c = 0.013 ;
j_b = 0.0178 ;
k_a3 = 1.68;
k_p =6.597 ;
k_d = 0.175 ; 
k_i = 30.15 ;